 9453.0 9453.0 9453.0   11.4   13.0   20.1   14.4   20.4   16.4   10.3 9453.0    8.3
 9453.0 9453.0 9453.0 9453.0 9453.0   16.4   16.1   15.4   21.9   13.4 9453.0    5.8
 9453.0 9453.0 9453.0 9453.0 9453.0 9453.0   15.0   25.1   20.4   16.1 9453.0 9453.0
 9453.0 9453.0 9453.0 9453.0 9453.0 9453.0   16.5   18.1    9.8   13.9 9453.0 9453.0
 9453.0 9453.0 9453.0 9453.0 9453.0 9453.0   26.7   24.0   13.7   24.3 9453.0 9453.0
 9453.0 9453.0 9453.0 9453.0 9453.0 9453.0   25.6   18.9   12.4   14.6 9453.0 9453.0
 9453.0 9453.0 9453.0 9453.0 9453.0 9453.0   18.8   22.0   15.8 9453.0 9453.0 9453.0
 9453.0 9453.0 9453.0 9453.0 9453.0 9453.0 9453.0 9453.0   22.6 9453.0 9453.0 9453.0
 9453.0 9453.0 9453.0 9453.0 9453.0 9453.0 9453.0 9453.0 9453.0 9453.0 9453.0 9453.0
 9453.0 9453.0 9453.0 9453.0 9453.0 9453.0 9453.0 9453.0 9453.0 9453.0 9453.0 9453.0
 9453.0 9453.0 9453.0 9453.0 9453.0 9453.0 9453.0 9453.0 9453.0 9453.0 9453.0 9453.0
 9453.0 9453.0 9453.0 9453.0 9453.0 9453.0 9453.0 9453.0 9453.0 9453.0 9453.0 9453.0
 9453.0 9453.0 9453.0 9453.0 9453.0 9453.0 9453.0 9453.0 9453.0 9453.0 9453.0 9453.0
 9453.0 9453.0 9453.0 9453.0 9453.0 9453.0 9453.0 9453.0 9453.0 9453.0 9453.0 9453.0
 9453.0 9453.0 9453.0 9453.0 9453.0 9453.0 9453.0 9453.0 9453.0 9453.0 9453.0 9453.0
 9453.0 9453.0 9453.0 9453.0 9453.0 9453.0 9453.0 9453.0 9453.0 9453.0 9453.0 9453.0
 9453.0 9453.0 9453.0 9453.0 9453.0 9453.0 9453.0 9453.0 9453.0 9453.0 9453.0 9453.0
 9453.0 9453.0 9453.0 9453.0 9453.0 9453.0 9453.0 9453.0 9453.0 9453.0 9453.0 9453.0
 9453.0 9453.0 9453.0 9453.0 9453.0 9453.0 9453.0 9453.0 9453.0 9453.0 9453.0 9453.0
 9453.0 9453.0 9453.0 9453.0 9453.0 9453.0 9453.0 9453.0 9453.0 9453.0 9453.0 9453.0
