 9453.0 9453.0    5.2 9453.0   12.5    6.5   12.2    9.1   21.3   16.9   15.3   10.7
 9453.0 9453.0 9453.0 9453.0 9453.0 9453.0    9.5   14.6   19.5   16.9   10.7    7.8
 9453.0 9453.0 9453.0 9453.0 9453.0 9453.0   15.2   16.2   18.3   15.2 9453.0    7.5
 9453.0 9453.0 9453.0 9453.0 9453.0 9453.0   21.9   19.7   13.9   13.2 9453.0 9453.0
 9453.0 9453.0 9453.0 9453.0 9453.0 9453.0   24.4   11.8   19.2 9453.0 9453.0 9453.0
 9453.0 9453.0 9453.0 9453.0 9453.0 9453.0 9453.0   21.5   13.5 9453.0 9453.0 9453.0
 9453.0 9453.0 9453.0 9453.0 9453.0 9453.0 9453.0 9453.0 9453.0 9453.0 9453.0 9453.0
 9453.0 9453.0 9453.0 9453.0 9453.0 9453.0 9453.0 9453.0 9453.0 9453.0 9453.0 9453.0
 9453.0 9453.0 9453.0 9453.0 9453.0 9453.0 9453.0 9453.0 9453.0 9453.0 9453.0 9453.0
 9453.0 9453.0 9453.0 9453.0 9453.0 9453.0 9453.0 9453.0 9453.0 9453.0 9453.0 9453.0
 9453.0 9453.0 9453.0 9453.0 9453.0 9453.0 9453.0 9453.0 9453.0 9453.0 9453.0 9453.0
 9453.0 9453.0 9453.0 9453.0 9453.0 9453.0 9453.0 9453.0 9453.0 9453.0 9453.0 9453.0
 9453.0 9453.0 9453.0 9453.0 9453.0 9453.0 9453.0 9453.0 9453.0 9453.0 9453.0 9453.0
 9453.0 9453.0 9453.0 9453.0 9453.0 9453.0 9453.0 9453.0 9453.0 9453.0 9453.0 9453.0
 9453.0 9453.0 9453.0 9453.0 9453.0 9453.0 9453.0 9453.0 9453.0 9453.0 9453.0 9453.0
 9453.0 9453.0 9453.0 9453.0 9453.0 9453.0 9453.0 9453.0 9453.0 9453.0 9453.0 9453.0
 9453.0 9453.0 9453.0 9453.0 9453.0 9453.0 9453.0 9453.0 9453.0 9453.0 9453.0 9453.0
 9453.0 9453.0 9453.0 9453.0 9453.0 9453.0 9453.0 9453.0 9453.0 9453.0 9453.0 9453.0
 9453.0 9453.0 9453.0 9453.0 9453.0 9453.0 9453.0 9453.0 9453.0 9453.0 9453.0 9453.0
 9453.0 9453.0 9453.0 9453.0 9453.0 9453.0 9453.0 9453.0 9453.0 9453.0 9453.0 9453.0
