 9453.0 9453.0 9453.0 9453.0   13.4   18.0   19.7   20.1   19.0   21.6   20.7   23.4
 9453.0 9453.0 9453.0 9453.0   10.4   11.1   18.3   22.4   15.6   11.7    8.5 9453.0
 9453.0 9453.0 9453.0 9453.0 9453.0 9453.0 9453.0   29.2   19.1   13.2 9453.0 9453.0
 9453.0 9453.0 9453.0 9453.0 9453.0 9453.0 9453.0   14.2   15.6 9453.0 9453.0 9453.0
 9453.0 9453.0 9453.0 9453.0 9453.0 9453.0 9453.0   22.6    9.3 9453.0 9453.0 9453.0
 9453.0 9453.0 9453.0 9453.0 9453.0 9453.0 9453.0 9453.0   11.0 9453.0 9453.0 9453.0
 9453.0 9453.0 9453.0 9453.0 9453.0 9453.0 9453.0 9453.0 9453.0 9453.0 9453.0 9453.0
 9453.0 9453.0 9453.0 9453.0 9453.0 9453.0 9453.0 9453.0 9453.0 9453.0 9453.0 9453.0
 9453.0 9453.0 9453.0 9453.0 9453.0 9453.0 9453.0 9453.0 9453.0 9453.0 9453.0 9453.0
 9453.0 9453.0 9453.0 9453.0 9453.0 9453.0 9453.0 9453.0 9453.0 9453.0 9453.0 9453.0
 9453.0 9453.0 9453.0 9453.0 9453.0 9453.0 9453.0 9453.0 9453.0 9453.0 9453.0 9453.0
 9453.0 9453.0 9453.0 9453.0 9453.0 9453.0 9453.0 9453.0 9453.0 9453.0 9453.0 9453.0
 9453.0 9453.0 9453.0 9453.0 9453.0 9453.0 9453.0 9453.0 9453.0 9453.0 9453.0 9453.0
 9453.0 9453.0 9453.0 9453.0 9453.0 9453.0 9453.0 9453.0 9453.0 9453.0 9453.0 9453.0
 9453.0 9453.0 9453.0 9453.0 9453.0 9453.0 9453.0 9453.0 9453.0 9453.0 9453.0 9453.0
 9453.0 9453.0 9453.0 9453.0 9453.0 9453.0 9453.0 9453.0 9453.0 9453.0 9453.0 9453.0
 9453.0 9453.0 9453.0 9453.0 9453.0 9453.0 9453.0 9453.0 9453.0 9453.0 9453.0 9453.0
 9453.0 9453.0 9453.0 9453.0 9453.0 9453.0 9453.0 9453.0 9453.0 9453.0 9453.0 9453.0
 9453.0 9453.0 9453.0 9453.0 9453.0 9453.0 9453.0 9453.0 9453.0 9453.0 9453.0 9453.0
 9453.0 9453.0 9453.0 9453.0 9453.0 9453.0 9453.0 9453.0 9453.0 9453.0 9453.0 9453.0
