   11.6   11.6    7.0    8.9    9.7   16.4   11.4   18.4   23.8   16.6    4.5   10.0
 9453.0 9453.0    7.0 9453.0    3.9   10.0   15.3   26.0   15.2   18.6 9453.0 9453.0
 9453.0 9453.0 9453.0 9453.0 9453.0 9453.0    9.6   13.0   18.0   15.9 9453.0 9453.0
 9453.0 9453.0 9453.0 9453.0 9453.0 9453.0   18.0   14.9   17.7   15.0 9453.0 9453.0
 9453.0 9453.0 9453.0 9453.0 9453.0 9453.0   13.6 9453.0 9453.0   30.3 9453.0 9453.0
 9453.0 9453.0 9453.0 9453.0 9453.0 9453.0 9453.0 9453.0 9453.0 9453.0 9453.0 9453.0
 9453.0 9453.0 9453.0 9453.0 9453.0 9453.0 9453.0 9453.0 9453.0 9453.0 9453.0 9453.0
 9453.0 9453.0 9453.0 9453.0 9453.0 9453.0 9453.0 9453.0 9453.0 9453.0 9453.0 9453.0
 9453.0 9453.0 9453.0 9453.0 9453.0 9453.0 9453.0 9453.0 9453.0 9453.0 9453.0 9453.0
 9453.0 9453.0 9453.0 9453.0 9453.0 9453.0 9453.0 9453.0 9453.0 9453.0 9453.0 9453.0
 9453.0 9453.0 9453.0 9453.0 9453.0 9453.0 9453.0 9453.0 9453.0 9453.0 9453.0 9453.0
 9453.0 9453.0 9453.0 9453.0 9453.0 9453.0 9453.0 9453.0 9453.0 9453.0 9453.0 9453.0
 9453.0 9453.0 9453.0 9453.0 9453.0 9453.0 9453.0 9453.0 9453.0 9453.0 9453.0 9453.0
 9453.0 9453.0 9453.0 9453.0 9453.0 9453.0 9453.0 9453.0 9453.0 9453.0 9453.0 9453.0
 9453.0 9453.0 9453.0 9453.0 9453.0 9453.0 9453.0 9453.0 9453.0 9453.0 9453.0 9453.0
 9453.0 9453.0 9453.0 9453.0 9453.0 9453.0 9453.0 9453.0 9453.0 9453.0 9453.0 9453.0
 9453.0 9453.0 9453.0 9453.0 9453.0 9453.0 9453.0 9453.0 9453.0 9453.0 9453.0 9453.0
 9453.0 9453.0 9453.0 9453.0 9453.0 9453.0 9453.0 9453.0 9453.0 9453.0 9453.0 9453.0
 9453.0 9453.0 9453.0 9453.0 9453.0 9453.0 9453.0 9453.0 9453.0 9453.0 9453.0 9453.0
 9453.0 9453.0 9453.0 9453.0 9453.0 9453.0 9453.0 9453.0 9453.0 9453.0 9453.0 9453.0
