   11.2    6.3 9453.0 9453.0   10.2   20.7    9.3   10.2   20.3   10.8   12.1    8.6
 9453.0 9453.0 9453.0 9453.0 9453.0    5.3   22.7   21.0   16.5   15.3 9453.0 9453.0
 9453.0 9453.0 9453.0 9453.0 9453.0   11.3   12.5   13.3   15.7   21.9 9453.0 9453.0
 9453.0 9453.0 9453.0 9453.0 9453.0 9453.0   13.7   10.5 9453.0 9453.0 9453.0 9453.0
 9453.0 9453.0 9453.0 9453.0 9453.0 9453.0   23.8   16.4 9453.0 9453.0 9453.0 9453.0
 9453.0 9453.0 9453.0 9453.0 9453.0 9453.0 9453.0   16.2 9453.0 9453.0 9453.0 9453.0
 9453.0 9453.0 9453.0 9453.0 9453.0 9453.0 9453.0   18.3 9453.0 9453.0 9453.0 9453.0
 9453.0 9453.0 9453.0 9453.0 9453.0 9453.0 9453.0 9453.0 9453.0 9453.0 9453.0 9453.0
 9453.0 9453.0 9453.0 9453.0 9453.0 9453.0 9453.0 9453.0 9453.0 9453.0 9453.0 9453.0
 9453.0 9453.0 9453.0 9453.0 9453.0 9453.0 9453.0 9453.0 9453.0 9453.0 9453.0 9453.0
 9453.0 9453.0 9453.0 9453.0 9453.0 9453.0 9453.0 9453.0 9453.0 9453.0 9453.0 9453.0
 9453.0 9453.0 9453.0 9453.0 9453.0 9453.0 9453.0 9453.0 9453.0 9453.0 9453.0 9453.0
 9453.0 9453.0 9453.0 9453.0 9453.0 9453.0 9453.0 9453.0 9453.0 9453.0 9453.0 9453.0
 9453.0 9453.0 9453.0 9453.0 9453.0 9453.0 9453.0 9453.0 9453.0 9453.0 9453.0 9453.0
 9453.0 9453.0 9453.0 9453.0 9453.0 9453.0 9453.0 9453.0 9453.0 9453.0 9453.0 9453.0
 9453.0 9453.0 9453.0 9453.0 9453.0 9453.0 9453.0 9453.0 9453.0 9453.0 9453.0 9453.0
 9453.0 9453.0 9453.0 9453.0 9453.0 9453.0 9453.0 9453.0 9453.0 9453.0 9453.0 9453.0
 9453.0 9453.0 9453.0 9453.0 9453.0 9453.0 9453.0 9453.0 9453.0 9453.0 9453.0 9453.0
 9453.0 9453.0 9453.0 9453.0 9453.0 9453.0 9453.0 9453.0 9453.0 9453.0 9453.0 9453.0
 9453.0 9453.0 9453.0 9453.0 9453.0 9453.0 9453.0 9453.0 9453.0 9453.0 9453.0 9453.0
