 9453.0 9453.0 9453.0  132.7  137.7  116.7  130.5  125.4  109.6  154.5 9453.0  143.1
 9453.0 9453.0 9453.0 9453.0 9453.0  117.6  115.6  140.2  140.9  151.6 9453.0  165.9
 9453.0 9453.0 9453.0 9453.0 9453.0 9453.0  125.0  144.3  117.9  139.7 9453.0 9453.0
 9453.0 9453.0 9453.0 9453.0 9453.0 9453.0  118.9  142.5  160.2  161.5 9453.0 9453.0
 9453.0 9453.0 9453.0 9453.0 9453.0 9453.0  147.4  156.6  141.8  168.1 9453.0 9453.0
 9453.0 9453.0 9453.0 9453.0 9453.0 9453.0  128.3  117.0  143.3  163.8 9453.0 9453.0
 9453.0 9453.0 9453.0 9453.0 9453.0 9453.0  107.6  162.7  166.6 9453.0 9453.0 9453.0
 9453.0 9453.0 9453.0 9453.0 9453.0 9453.0 9453.0 9453.0  156.0 9453.0 9453.0 9453.0
 9453.0 9453.0 9453.0 9453.0 9453.0 9453.0 9453.0 9453.0 9453.0 9453.0 9453.0 9453.0
 9453.0 9453.0 9453.0 9453.0 9453.0 9453.0 9453.0 9453.0 9453.0 9453.0 9453.0 9453.0
 9453.0 9453.0 9453.0 9453.0 9453.0 9453.0 9453.0 9453.0 9453.0 9453.0 9453.0 9453.0
 9453.0 9453.0 9453.0 9453.0 9453.0 9453.0 9453.0 9453.0 9453.0 9453.0 9453.0 9453.0
 9453.0 9453.0 9453.0 9453.0 9453.0 9453.0 9453.0 9453.0 9453.0 9453.0 9453.0 9453.0
 9453.0 9453.0 9453.0 9453.0 9453.0 9453.0 9453.0 9453.0 9453.0 9453.0 9453.0 9453.0
 9453.0 9453.0 9453.0 9453.0 9453.0 9453.0 9453.0 9453.0 9453.0 9453.0 9453.0 9453.0
 9453.0 9453.0 9453.0 9453.0 9453.0 9453.0 9453.0 9453.0 9453.0 9453.0 9453.0 9453.0
 9453.0 9453.0 9453.0 9453.0 9453.0 9453.0 9453.0 9453.0 9453.0 9453.0 9453.0 9453.0
 9453.0 9453.0 9453.0 9453.0 9453.0 9453.0 9453.0 9453.0 9453.0 9453.0 9453.0 9453.0
 9453.0 9453.0 9453.0 9453.0 9453.0 9453.0 9453.0 9453.0 9453.0 9453.0 9453.0 9453.0
 9453.0 9453.0 9453.0 9453.0 9453.0 9453.0 9453.0 9453.0 9453.0 9453.0 9453.0 9453.0
