 9453.0 9453.0  153.8 9453.0  139.4 9453.0  108.7  135.3  156.3  131.3  127.2 9453.0
 9453.0 9453.0 9453.0 9453.0 9453.0 9453.0  142.9  135.4  133.9  172.3  140.6 9453.0
 9453.0 9453.0 9453.0 9453.0 9453.0 9453.0  147.0  156.0  131.1  143.7  122.1 9453.0
 9453.0 9453.0 9453.0 9453.0 9453.0 9453.0 9453.0 9453.0  114.0  131.0  134.7 9453.0
 9453.0 9453.0 9453.0 9453.0 9453.0 9453.0 9453.0 9453.0  114.4  171.6 9453.0 9453.0
 9453.0 9453.0 9453.0 9453.0 9453.0 9453.0 9453.0 9453.0 9453.0 9453.0 9453.0 9453.0
 9453.0 9453.0 9453.0 9453.0 9453.0 9453.0 9453.0 9453.0 9453.0 9453.0 9453.0 9453.0
 9453.0 9453.0 9453.0 9453.0 9453.0 9453.0 9453.0 9453.0 9453.0 9453.0 9453.0 9453.0
 9453.0 9453.0 9453.0 9453.0 9453.0 9453.0 9453.0 9453.0 9453.0 9453.0 9453.0 9453.0
 9453.0 9453.0 9453.0 9453.0 9453.0 9453.0 9453.0 9453.0 9453.0 9453.0 9453.0 9453.0
 9453.0 9453.0 9453.0 9453.0 9453.0 9453.0 9453.0 9453.0 9453.0 9453.0 9453.0 9453.0
 9453.0 9453.0 9453.0 9453.0 9453.0 9453.0 9453.0 9453.0 9453.0 9453.0 9453.0 9453.0
 9453.0 9453.0 9453.0 9453.0 9453.0 9453.0 9453.0 9453.0 9453.0 9453.0 9453.0 9453.0
 9453.0 9453.0 9453.0 9453.0 9453.0 9453.0 9453.0 9453.0 9453.0 9453.0 9453.0 9453.0
 9453.0 9453.0 9453.0 9453.0 9453.0 9453.0 9453.0 9453.0 9453.0 9453.0 9453.0 9453.0
 9453.0 9453.0 9453.0 9453.0 9453.0 9453.0 9453.0 9453.0 9453.0 9453.0 9453.0 9453.0
 9453.0 9453.0 9453.0 9453.0 9453.0 9453.0 9453.0 9453.0 9453.0 9453.0 9453.0 9453.0
 9453.0 9453.0 9453.0 9453.0 9453.0 9453.0 9453.0 9453.0 9453.0 9453.0 9453.0 9453.0
 9453.0 9453.0 9453.0 9453.0 9453.0 9453.0 9453.0 9453.0 9453.0 9453.0 9453.0 9453.0
 9453.0 9453.0 9453.0 9453.0 9453.0 9453.0 9453.0 9453.0 9453.0 9453.0 9453.0 9453.0
